mse per frame: 144.6278255420778
[41.84059324962337, 67.28333827693288, 93.52441780276415, 118.40024164711556, 141.0672866635206, 161.94160513528962, 180.61227949188978, 197.32546109455387, 214.2865792995546, 229.99645275953338]
hss20 per frame: 0.39320045565194645
[0.6318069454415717, 0.5454646062884487, 0.48040216234954913, 0.4301976056012601, 0.3890176237822332, 0.35408967338712366, 0.31723728807737095, 0.28883998266318534, 0.2607480934645946, 0.23420057546413192]
hss35 per frame: 0.18678223656975432
[0.4490569043943924, 0.3447754810363733, 0.2767981907671775, 0.2251880244414057, 0.18341943077329506, 0.14875714240074175, 0.09938681730455001, 0.06482093346998877, 0.04484134933950943, 0.030778091770110767]
hss45 per frame: 0.048770265725075666
[0.2263150823951422, 0.1245032119802022, 0.06167583535449265, 0.034248068205901434, 0.017953381327444538, 0.011610810185169336, 0.0057735298949432, 0.0026643140687048076, 0.0014921573755272504, 0.00146626646322947]
csi20 per frame: 0.413106314420968
[0.5909759018418044, 0.5207750705067553, 0.47190561558137617, 0.4365713328025737, 0.40872996514733834, 0.38443925588617417, 0.3593689785863462, 0.3390134488665303, 0.3187809104189816, 0.30050266457180214]
csi35 per frame: 0.12371426507041781
[0.31545854742612095, 0.23210532590659352, 0.18175768817776755, 0.14515161284520964, 0.11693974534824808, 0.09442839180746729, 0.06208742485231142, 0.0406147851481058, 0.028532731940433733, 0.02006639725191921]
csi45 per frame: 0.029276448742326842
[0.14239996903178495, 0.07357302773770107, 0.03506158476486186, 0.019180598130906182, 0.009928912031992497, 0.006402855903574538, 0.003147074457538984, 0.001457288135273542, 0.000817780480149196, 0.0007953967494857022]
mae per frame: 1013.37447267858
[533.0765515583317, 690.1240818674971, 818.1886954702982, 930.3995715629763, 1023.1808639898532, 1104.3580898377954, 1172.1580170422067, 1231.257184135623, 1289.0944268947694, 1341.9072444264482]
psnr per frame: 21.427939414190195
[26.153067618693996, 24.139997069375656, 22.75589583201877, 21.767564338979863, 21.036627462113156, 20.45480225830595, 19.998408336628568, 19.64315161248041, 19.306683308374197, 19.023196304931588]
ssim per frame: 0.6097027891378561
[0.7822899732688365, 0.7134469007767975, 0.663386097892361, 0.6234759168854671, 0.595007334306844, 0.5720596607826387, 0.5563815049900109, 0.5424529653679837, 0.5298913978785752, 0.5186361392290427]
lpips per frame: 51.18100099083854
[36.65644064909074, 43.723638791863515, 47.70653142434795, 50.33988480160876, 52.359292456289616, 53.76645940832975, 55.34707929303006, 56.38596230163807, 57.337964598725485, 58.18675618346145]
hss_csi_score per frame: 0.17073457693962493
