244.38867816925048
[70.80953025817871, 117.37855529785156, 165.701291402181, 208.42746607462564, 243.24439239501953, 271.9220021565755, 302.2885437011719, 330.9337463378906, 356.1070302327474, 377.074223836263]
1397.2651662190756
[706.6004943847656, 942.3134460449219, 1140.1721700032551, 1296.4400126139324, 1421.721923828125, 1519.2432149251301, 1617.7517496744792, 1705.5533650716145, 1780.7987467447917, 1842.0565388997395]
18.989326361247493
[23.8163721757537, 21.650656545958956, 20.168384001029093, 19.206348578864983, 18.539110236569133, 18.053004210699026, 17.609083870599118, 17.234206285830997, 16.93682765806628, 16.67927004910365]
0.49477332963600956
[0.7020656734255782, 0.6030535587637722, 0.540261927744173, 0.4988350676394135, 0.4686992966731762, 0.4523594807557352, 0.43585777201541226, 0.4252304571316133, 0.41514219241058714, 0.40622786980063424]
47.754983653624855
[32.63291120529175, 38.937766353289284, 43.37286204099655, 45.847076177597046, 48.811363180478416, 50.80650349458059, 52.35818326473236, 53.885436058044434, 55.33548295497894, 55.562251806259155]
