238.2969071706136
[66.3992182413737, 112.47715886433919, 158.5764363606771, 199.8359349568685, 234.97982788085938, 264.0697530110677, 295.1337483723958, 324.12799072265625, 350.246098836263, 377.12290445963544]
1415.9299947102866
[692.224853515625, 932.7442220052084, 1134.4547526041667, 1301.2772725423176, 1435.7046203613281, 1543.0822347005208, 1649.4480590820312, 1743.4190063476562, 1823.7932739257812, 1903.1516520182292]
19.117935340108524
[24.089987108444046, 21.83299702896574, 20.3556399679695, 19.371557536097125, 18.67934904035108, 18.180011575235806, 17.70207693814351, 17.31371401550769, 16.98766728746208, 16.6663529029086]
0.4940155914770844
[0.7101766989814616, 0.6114629629531697, 0.5452865467538942, 0.498965388001392, 0.4675603771314894, 0.44805946480925396, 0.4308480338422919, 0.4177574176720272, 0.40891035653850705, 0.4011286680873583]
53.307267079750694
[35.81922948360443, 44.45532610019048, 49.549527963002525, 52.129421631495156, 54.69056169191996, 56.69592420260111, 57.94269144535065, 59.2974990606308, 60.8359823624293, 61.656506856282554]
