249.64371534983317
[70.51390520731609, 117.97730382283528, 168.1994972229004, 213.77543131510416, 250.26319630940756, 278.6528091430664, 309.7853647867839, 338.4814707438151, 362.94645436604816, 385.8417205810547]
1409.1746444702148
[702.5897165934244, 941.8979187011719, 1148.9998982747395, 1314.8786214192708, 1443.0503336588542, 1538.7940470377605, 1636.2870076497395, 1720.740946451823, 1789.6619262695312, 1854.8460286458333]
18.901849135063866
[23.834922676012003, 21.62546326953049, 20.099280998188306, 19.090939495167614, 18.400191613572137, 17.935804243044597, 17.49855247472406, 17.131031097807405, 16.836671897191255, 16.565633585400732]
0.48903372406793194
[0.70457378298038, 0.6053086029245328, 0.5386998078555373, 0.49452811573265804, 0.46307239661781036, 0.4444240462072438, 0.42516013664878116, 0.4129876592869011, 0.4046870300977152, 0.3968956623277615]
46.55222107966741
[32.36582378546397, 38.32915474971136, 41.87130977710088, 44.106204311052956, 47.05761969089508, 48.87236307064692, 51.04142179091772, 52.74050831794739, 54.04460827509562, 55.0931970278422]
