mse per frame: 155.34803227633964
[44.880198069316585, 72.42748108840571, 101.18212450539194, 128.45331348326147, 153.34560178431067, 175.51749660212818, 194.95364035629643, 211.88108198584578, 228.2102029195646, 242.62918196887506]
hss20 per frame: 0.39236679272867037
[0.6078100876195092, 0.5396275213846431, 0.47281382286816975, 0.42550729777240487, 0.38444280912991075, 0.3498008238481666, 0.320399716609888, 0.29570838383879017, 0.2725360741645314, 0.25502139005069535]
hss35 per frame: 0.1857245616337928
[0.3903603100018115, 0.34484225450630124, 0.2722221955228853, 0.22666623668040178, 0.1850589654514366, 0.15030063741545938, 0.10983555741976017, 0.07907804911033153, 0.0566348759004833, 0.042246534329059414]
hss45 per frame: 0.04627369846440892
[0.15925461095123689, 0.12453492444608769, 0.06498688107090823, 0.0410059897620837, 0.03017393651970896, 0.019954572261062273, 0.011791611429836757, 0.005580882293020886, 0.003342231100426872, 0.0021113448097171564]
csi20 per frame: 0.4056570254108909
[0.5684580012071095, 0.5140745308206245, 0.46296199785262454, 0.4282564437011339, 0.39915057765720746, 0.37398056426855497, 0.3539145023967461, 0.33529264864494684, 0.31732936658446836, 0.3031516209754983]
csi35 per frame: 0.1222952364861753
[0.26623829457030873, 0.23255870298208436, 0.17903365733535428, 0.1471106610650455, 0.11904348949173536, 0.09609300502275878, 0.06961908273534166, 0.050041218302363036, 0.03610720496673437, 0.027107048390027713]
csi45 per frame: 0.026695965634711286
[0.09401984913664319, 0.072965489905262, 0.0366370236303759, 0.023035414763173962, 0.016799819787061906, 0.01108176646019589, 0.006522205293570536, 0.003011908337271226, 0.0017730373168425525, 0.0011131417167155836]
mae per frame: 1040.1009096769008
[545.488789777058, 703.6075578643055, 838.5694641857613, 952.4413071050876, 1048.41877411633, 1132.3497376976945, 1207.0743479658918, 1268.6868044969513, 1327.2607386147104, 1377.1115749452172]
psnr per frame: 21.108246352981418
[25.86473358961725, 23.832188311882312, 22.427849825158575, 21.425639286613702, 20.679834451396445, 20.101968732026403, 19.660135116889585, 19.321025812055638, 19.008316944241155, 18.760771459932936]
ssim per frame: 0.6058752447391769
[0.7777926210034286, 0.7093633586324432, 0.6582531543277975, 0.620625409401758, 0.593641079081063, 0.5708118743379497, 0.5520877656208807, 0.5372982759803728, 0.5248201574198732, 0.5140587515862066]
lpips per frame: 48.507758070056035
[35.49123333721626, 41.02575749885745, 44.92550826654202, 47.18693371226148, 49.230432764786045, 50.74723530106428, 52.36845667042383, 53.663842852522684, 54.79520595655209, 55.64297434033417]
hss_csi_score per frame: 0.16825037475826363
