mse per frame: 158.83331297851188
[44.90867096970721, 73.03536706319669, 102.18888201829863, 130.33517941730778, 156.08227222721752, 179.25404663085936, 200.40396106999097, 218.37338262418422, 234.74601101759006, 249.00535674676664]
hss20 per frame: 0.40322414406855617
[0.6237685066130985, 0.5487671109725489, 0.4809540002816915, 0.4322792670192983, 0.3918634608126558, 0.35679812924942594, 0.327815807352922, 0.3071372134098129, 0.2886527838415887, 0.27420516113251825]
hss35 per frame: 0.22168929897174794
[0.4301534682171427, 0.3661323436936081, 0.3004671324828663, 0.2586338930077062, 0.21879086530510186, 0.18448960843182705, 0.15248748412826593, 0.12409515078889237, 0.0984029975701666, 0.0832400460919063]
hss45 per frame: 0.06274453355115128
[0.21248752174088884, 0.14433401800457452, 0.08538390875520989, 0.057908681688404455, 0.042413121077129134, 0.030365987840167998, 0.022668753361558998, 0.014700778444372405, 0.009673782144149788, 0.007508782455057007]
csi20 per frame: 0.4180360187868275
[0.5854375847296988, 0.5238772834199877, 0.47135710406572523, 0.43493586504072085, 0.40681614304145297, 0.382111336208724, 0.36327476543993004, 0.34913452608253803, 0.3365105256438171, 0.326905054195676]
csi35 per frame: 0.14779049764398036
[0.3008718178770986, 0.24991921555985647, 0.20012691499851876, 0.1703948193601932, 0.1426068781703078, 0.11977858928046999, 0.09827765221659583, 0.07944693397677012, 0.0630259946696275, 0.05345616033036593]
csi45 per frame: 0.036864869026383126
[0.13084851064441327, 0.0856557232986198, 0.04891811872753422, 0.03278395404401085, 0.023548023051568927, 0.016859832002970258, 0.01253775163927411, 0.008082712738623876, 0.005288438428670716, 0.004125625688145022]
mae per frame: 1049.2415989945575
[546.6294533334127, 707.811904535061, 842.4732943651153, 959.0152659346417, 1058.3291098990092, 1143.3895613507527, 1220.2677586997427, 1283.162322402582, 1341.2395409560786, 1390.0977784691788]
psnr per frame: 21.018627483707053
[25.855298826396986, 23.791461592848037, 22.3777254830088, 21.355063302130503, 20.59158938473923, 20.000230834298527, 19.531221940969147, 19.17581046534964, 18.87189161649834, 18.635981390831315]
ssim per frame: 0.604994106758796
[0.7761576679276795, 0.7070993513551166, 0.6567345083005389, 0.6190894243240203, 0.5913116065468879, 0.5691122340265016, 0.5517601770308707, 0.5380315013783853, 0.5254915454246442, 0.5151530512733142]
lpips per frame: 47.78097171427273
[35.40858911668382, 40.9801333415799, 44.50340012951595, 46.40694547717164, 48.28657366153671, 49.5978379031507, 51.36996315019886, 52.55486957910584, 53.90017901251956, 54.801225771264335]
hss_csi_score per frame: 0.1872383652801823
