236.75569699605305
[68.2334976196289, 113.60356521606445, 159.12013498942056, 201.55306752522787, 235.73861948649088, 264.0949071248372, 295.4064178466797, 322.4015757242839, 345.0409291585286, 362.36425526936847]
1386.2209233601889
[683.8352203369141, 926.3133951822916, 1118.2897338867188, 1281.68701171875, 1410.3703715006511, 1512.2564086914062, 1614.4213053385417, 1699.0962931315105, 1775.7720540364583, 1840.1674397786458]
19.115652568096678
[23.98583576729415, 21.78854750105464, 20.32575395976298, 19.32898975785213, 18.650491389808337, 18.156734269576656, 17.686096057018798, 17.327386597653256, 17.060139994701903, 16.84655038624403]
0.4980425342342059
[0.7136781512746707, 0.6105198380482832, 0.5487426417326041, 0.5053399147345284, 0.4734402628283118, 0.45489422226014803, 0.43773232532324524, 0.4237515300991191, 0.4106546908115109, 0.40167176522963555]
52.522461165984474
[35.18330305814743, 43.38081280390421, 48.35417866706848, 51.402671138445534, 54.1041245063146, 55.79289694627126, 57.69165654977163, 58.830612897872925, 60.08500854174296, 60.39934655030569]
