mse per frame: 172.06731114596857
[45.064361316401786, 74.53992044402332, 106.17408095569147, 137.520103863972, 166.95795777483684, 193.42350473171328, 218.28427250559736, 240.24746313327697, 260.50477287478566, 277.9566738593869]
hss20 per frame: 0.3964205817693613
[0.6305589230980827, 0.5462649688080725, 0.4774402212243119, 0.4255176072139874, 0.38345719340876677, 0.3468448619222262, 0.31778484689021547, 0.2968434521664307, 0.27740348108429846, 0.26209026187721235]
hss35 per frame: 0.23466479019731482
[0.45511519653946575, 0.3768576099494847, 0.31564259269631445, 0.2708218092568879, 0.22949097281851122, 0.1912075638772998, 0.16145825769888952, 0.1345882652937313, 0.11252057794467951, 0.09894505589788177]
hss45 per frame: 0.0727801419176317
[0.2293606072875396, 0.15084548712579193, 0.1017022039078215, 0.06980922559675586, 0.04963184563432171, 0.03713437237129396, 0.030393481654736085, 0.024789991601822728, 0.01904016332175532, 0.015094040674477407]
csi20 per frame: 0.4122115734660675
[0.5888552522491264, 0.5193047457830627, 0.46677693370406553, 0.42825857131301975, 0.3992954705283054, 0.37387147972882134, 0.3553124375134344, 0.3419423065575539, 0.3292023792266366, 0.3192961580566516]
csi35 per frame: 0.15870508406221667
[0.3222174881902322, 0.25829770343992353, 0.21200894681275545, 0.18023450214585462, 0.1512071634954458, 0.12553354332232355, 0.10641472505258197, 0.08914296589997331, 0.07520063410637254, 0.06679316815670533]
csi45 per frame: 0.04297835217663328
[0.1428398159661199, 0.08962509510806964, 0.05860722646093365, 0.039617734262505665, 0.027861112695454902, 0.020868391216582394, 0.017137802713106862, 0.013852009420151131, 0.010680431339172706, 0.008693902584236269]
mae per frame: 1079.8811833972466
[544.6475463867187, 709.2026949254479, 852.2764606754954, 977.5081839212557, 1085.7695188941025, 1178.392015559499, 1263.9814530535443, 1333.638663091892, 1399.4341438107374, 1453.961153653773]
psnr per frame: 20.724909430651476
[25.84258844268459, 23.70582321443195, 22.21082833809033, 21.115542121042225, 20.290628704836895, 19.65907115468563, 19.145541209247344, 18.744150448407982, 18.399823980296148, 18.13509669279176]
ssim per frame: 0.5977078498335651
[0.7773213801315322, 0.7078363649004565, 0.6551581952881232, 0.6146206469348913, 0.5840476420246288, 0.559265015372609, 0.539669323489002, 0.525263166318098, 0.5120529051553535, 0.5018438587209536]
lpips per frame: 46.860158790538954
[35.163252728014456, 40.42018084991269, 43.650818634323954, 45.445089151219626, 47.148783904750175, 48.5285478030763, 50.17565132641211, 51.40266767362269, 52.764986528129114, 53.901609305928396]
hss_csi_score per frame: 0.19307044621869962
