mse per frame: 167.6701859650961
[45.09545770505579, 74.20057136721726, 104.96218098896307, 135.07385946134244, 163.22233799259837, 188.6550278640375, 212.31189791051355, 232.94826753197648, 251.97933818538016, 268.2529206438763]
hss20 per frame: 0.39060483682249675
[0.6300097106623153, 0.5402087864478684, 0.46984397883000173, 0.41892025125580673, 0.37784451193836777, 0.34136150149062966, 0.311799761820948, 0.28932553625883395, 0.2708057127756395, 0.25592861674455086]
hss35 per frame: 0.23465586522751472
[0.4623570769543506, 0.3801459823097893, 0.315053421014377, 0.2693248471749877, 0.22844728447984955, 0.19100605693346628, 0.15998559533879067, 0.13285223653552972, 0.11123271703510312, 0.09615343449890174]
hss45 per frame: 0.07496367431584267
[0.24260261286650786, 0.15896978118832208, 0.10084761636408701, 0.06987833305244015, 0.05054935136695061, 0.04012395368091523, 0.031763122887243235, 0.024175762154963525, 0.017500483541011545, 0.013225726055985158]
csi20 per frame: 0.4053198520259058
[0.5880005349739919, 0.5132760524225018, 0.4593313821746754, 0.4212677512125732, 0.39274777127714233, 0.36746138960768626, 0.3480272793489465, 0.3328069332846002, 0.31999795422451544, 0.310281471732431]
csi35 per frame: 0.15879252513157566
[0.3290391580376905, 0.26129403390662276, 0.21175149461790813, 0.17917041130471315, 0.15041207134137669, 0.1253804230746853, 0.10510186758084406, 0.08752623246469102, 0.07376816345192627, 0.06448139553529984]
csi45 per frame: 0.04448012725871252
[0.15228125434261047, 0.09467710233803214, 0.058163814023069034, 0.03961256723206888, 0.02845634051692339, 0.022614673157553382, 0.017878733939793858, 0.0135667971231165, 0.009873683680349897, 0.007676306233607848]
mae per frame: 1067.6191212202864
[545.985361685404, 708.694651757217, 847.3264049995237, 969.1821688024008, 1073.9863467332793, 1164.593705042397, 1247.1158680985614, 1313.7378065155774, 1376.9056101729232, 1428.6632883955792]
psnr per frame: 20.817596430386562
[25.838193503747352, 23.722264072132013, 22.25938544015904, 21.194437949978106, 20.392053084906394, 19.77221493827026, 19.27077375997265, 18.88454230928039, 18.548766000517432, 18.293333244902065]
ssim per frame: 0.6013430190805863
[0.7768511027683264, 0.7076604857827624, 0.6564891374408975, 0.6170988772011388, 0.5878780090101154, 0.5637537723870611, 0.5450757087878851, 0.5315172378908518, 0.5184743839676423, 0.5086314755691766]
lpips per frame: 46.77896959207407
[35.06069425039175, 40.35888870314854, 43.58751134174626, 45.42067574291694, 47.103655229254464, 48.397280748297526, 50.12000766469211, 51.32233736718573, 52.667842042155385, 53.75080283095197]
hss_csi_score per frame: 0.19223281473380216
