mse per frame: 175.24983800795025
[42.206049891216, 69.75606904378752, 98.41263378422434, 127.41027538020437, 155.85505910733852, 183.9834271686833, 216.72604463158584, 249.4949412462188, 285.6518656288705, 323.00201419737283]
hss20 per frame: 0.364340579251095
[0.6252801996770899, 0.5311962588258288, 0.4612374323318919, 0.4052575252373426, 0.3589407722953265, 0.3196614886518024, 0.2782888170755408, 0.2474383074864813, 0.21974999540184564, 0.1963549955277969]
hss35 per frame: 0.14800247338084718
[0.43195121166199596, 0.307447639719659, 0.23061185872379172, 0.17141281643238282, 0.1231484553226852, 0.08746762530633821, 0.05489700205932922, 0.035467058834351764, 0.02253783468581433, 0.01508323106212192]
hss45 per frame: 0.03731021139810934
[0.22712609479811596, 0.09092928828839379, 0.03428794440719959, 0.013457977889528985, 0.004405598594976362, 0.0014989468649747111, 0.0005506627869815493, 0.0004408042002619504, 0.0002934190280390973, 0.00011137712262135743]
csi20 per frame: 0.370886058798779
[0.5957531064813125, 0.5169660269314256, 0.4594163155153463, 0.41332722355524637, 0.37558592095706567, 0.34148242134412904, 0.3013209543659565, 0.26709799400274004, 0.23407184038931406, 0.20383878444525264]
csi35 per frame: 0.09704452562297268
[0.3068743585129795, 0.20656856953062278, 0.14866124037835707, 0.10671235703994192, 0.07467765151244622, 0.05207554287781691, 0.032176924976245, 0.02066729705118654, 0.013172792427477705, 0.008858521922652447]
csi45 per frame: 0.022574321450702255
[0.14426912937821196, 0.051851372951919626, 0.01855330145722834, 0.007160463792103944, 0.0023279957771235146, 0.000803346645250946, 0.0003048450484194156, 0.00024220409366442015, 0.0001635600745687567, 6.699528853169222e-05]
mae per frame: 1090.6644036195337
[526.1594553133336, 692.737828473347, 828.6573110440883, 950.4196131264291, 1058.4580271651105, 1157.6914549292587, 1267.499077475943, 1368.6881965451123, 1476.7641504799446, 1579.5689216427688]
psnr per frame: 20.777479408435
[26.109959936603424, 23.979225080078287, 22.512884122647918, 21.412578967510544, 20.555876053689357, 19.84475062211456, 19.15188671240984, 18.581968823967326, 18.044127166236834, 17.58153659909184]
ssim per frame: 0.6146039640419222
[0.7859204362679277, 0.7196087354625335, 0.6706263045153517, 0.6335032617840493, 0.6060936284136655, 0.5828058634355487, 0.5626829019906763, 0.5457399746130118, 0.5273780306973157, 0.511680503239138]
lpips per frame: 53.437304278699365
[37.612518559141854, 45.586062458957116, 50.046078388283895, 52.82554790014174, 54.957798995622774, 56.44379563447906, 57.80849544013419, 58.82745421514279, 59.78407143819623, 60.48121975689399]
hss_csi_score per frame: 0.14676346115166505
