232.8907152811686
[69.79715728759766, 111.11728413899739, 152.8576914469401, 193.25388971964517, 229.90156936645508, 259.3079579671224, 288.6017761230469, 316.8011525472005, 341.8021494547526, 365.4665247599284]
1368.2980092366536
[704.0803629557291, 922.042734781901, 1099.5346272786458, 1257.0599161783855, 1388.5101114908855, 1491.4613850911458, 1585.487548828125, 1671.119160970052, 1745.7570393880208, 1817.9272054036458]
19.216201380536493
[23.86952592341375, 21.869274957472033, 20.498616556854213, 19.512656842501773, 18.777799499805752, 18.263898565371736, 17.825893267332138, 17.46822954836419, 17.182203361572803, 16.893915282676577]
0.5038672434765613
[0.6910853425789517, 0.6047193569330505, 0.5490066351908386, 0.5101177474213601, 0.48185006157537597, 0.4646835837120038, 0.44947148926493785, 0.43820985320759887, 0.42996578515187944, 0.41956257972961497]
57.673688381910324
[42.52684563398361, 51.77970131238302, 55.7009885708491, 58.03047219912211, 59.52649017175039, 60.833694537480675, 61.41411463419596, 61.81025902430216, 62.45056688785553, 62.66375084718069]
