0
,psnr[25.986687545167666, 24.136271672728718, 22.67662041341755, 21.937118589338986, 21.248566043635762, 20.73118506172907, 20.359881327549015, 20.142084386435428, 19.99761062558463, 19.65287527002525]
,mse[43.28950881958008, 66.21546173095703, 92.6202163696289, 109.66377258300781, 128.99391174316406, 145.77806091308594, 160.3133087158203, 169.96148681640625, 177.5362548828125, 190.10369873046875]
,mae,HSS20[0.5054721859913159, 0.39561613313352245, 0.23516695978738228, 0.163290786592894, 0.1430740168427567, 0.12008215091123044, 0.09662780383697635, 0.07700132608481103, 0.056360099894920586, 0.033471515537132235]
,HSS35[0.017641279048097994, 0.0, 0.0, 0.0, 0.0, 0.0, 0.0, 0.0, 0.0, 0.0]
HSS45[0.0, 0.0, 0.0, 0.0, 0.0, 0.0, 0.0, 0.0, 0.0, 0.0]
,CSI20[0.3544743701129453, 0.26274554331781536, 0.1467080869826636, 0.09969340322421126, 0.08751147842056933, 0.0734622144112478, 0.0595133905128654, 0.046858453935757154, 0.0336082291389554, 0.02024493876530867]
,CSI35[0.008928571428571426, 0.0, 0.0, 0.0, 0.0, 0.0, 0.0, 0.0, 0.0, 0.0]
,CSI45[0.0, 0.0, 0.0, 0.0, 0.0, 0.0, 0.0, 0.0, 0.0, 0.0]
[429.4693298339844, 564.6832885742188, 688.8612060546875, 779.1804809570312, 871.006591796875, 951.455810546875, 1019.8997802734375, 1074.81396484375, 1116.0919189453125, 1180.773193359375]
,lpips[36.97277307510376, 48.129212856292725, 51.58456563949585, 52.368730306625366, 52.19353437423706, 53.755199909210205, 54.584670066833496, 55.86099624633789, 56.22880458831787, 56.800031661987305]
,ssim[0.755857381954271, 0.6774274449289016, 0.6185328481596084, 0.574243055653767, 0.5349864908369494, 0.5069198118003564, 0.4838784446807887, 0.4606483611842614, 0.44236915902169965, 0.42282347872368314]
1
,psnr[23.278647986613713, 21.760913675956264, 20.617860336520014, 19.67924574732523, 19.0013030092542, 18.454578683396853, 17.947663290458106, 17.559335086618916, 17.329993091017446, 17.18868369479733]
,mse[78.194091796875, 110.5311508178711, 143.91668701171875, 179.91151428222656, 210.15814208984375, 240.05506896972656, 274.1148681640625, 301.7903747558594, 320.52630615234375, 333.28125]
,mae,HSS20[0.564421940251486, 0.45827415753375833, 0.37076444476842585, 0.3136298618274207, 0.27967402042636674, 0.23262192381669705, 0.20436694394278684, 0.16892277850025786, 0.12486438548200031, 0.08691083523870671]
,HSS35[0.2472558231534167, -4.566324324625335e-05, 0.0, 0.0, 0.0, 0.0, 0.0, 0.0, 0.0, 0.0]
HSS45[0.0, 0.0, 0.0, 0.0, 0.0, 0.0, 0.0, 0.0, 0.0, 0.0]
,CSI20[0.4453035761356646, 0.3489976852862821, 0.2759587990357221, 0.23084401237295626, 0.20501616708905004, 0.17128845296477932, 0.15082478823004905, 0.12604354935880882, 0.09534822831209634, 0.06892446090752745]
,CSI35[0.14256198347107438, 0.0, 0.0, 0.0, 0.0, 0.0, 0.0, 0.0, 0.0, 0.0]
,CSI45[0.0, 0.0, 0.0, 0.0, 0.0, 0.0, 0.0, 0.0, 0.0, 0.0]
[691.0082397460938, 857.0562744140625, 1008.6287841796875, 1151.2357177734375, 1257.05126953125, 1358.6004638671875, 1454.7657470703125, 1536.051025390625, 1601.64404296875, 1650.6185302734375]
,lpips[40.85227847099304, 53.00302505493164, 57.26582407951355, 59.59498882293701, 61.10774874687195, 60.955989360809326, 61.90454959869385, 61.98467016220093, 62.20978498458862, 62.53882646560669]
,ssim[0.654374551495927, 0.571380393440022, 0.5141948480751789, 0.47094188462060294, 0.4352940130802735, 0.41103257341805177, 0.3898334838300714, 0.3739834487332374, 0.36094173776781213, 0.3523924063431913]
2
,psnr[23.316451531015414, 21.346363312745986, 20.232047795233488, 19.17567915646214, 18.43601424159177, 18.004451199995252, 17.63703997171321, 17.286389509794205, 16.96847425491211, 16.611452210744204]
,mse[76.40997314453125, 120.32698059082031, 156.45101928710938, 199.90684509277344, 239.6948699951172, 265.5514221191406, 290.0000915527344, 314.9242858886719, 338.61163330078125, 367.4468688964844]
,mae,HSS20[0.6517393411259761, 0.560389979295083, 0.536626797114322, 0.4876289923450768, 0.45981190696962126, 0.4262416588632457, 0.39391577177975895, 0.39324009768725154, 0.37040762035398467, 0.34738968486799277]
,HSS35[0.4392475796560436, 0.2738247000890794, 0.18413674454476925, 0.09777439315233692, 0.06196240807998453, 0.04766483510896406, 0.02425471031684415, 0.035330531717434326, 0.04256259076191038, 0.0425872337357368]
HSS45[0.09357437078722353, 0.0, 0.0, 0.0, 0.0, 0.0, 0.0, 0.0, 0.0, -3.043278071689859e-05]
,CSI20[0.6074887156339762, 0.5347032565498276, 0.5189207873958447, 0.4882719004308282, 0.469631922257721, 0.44653329857943447, 0.42517495925606363, 0.4258354939793532, 0.4107524852145464, 0.39386153195356194]
,CSI35[0.3011090391598783, 0.17536152297272564, 0.11447063369397216, 0.06013931129206318, 0.03725998962117281, 0.028777742380800685, 0.01665556295802798, 0.024176252680834474, 0.030650994575045214, 0.035619820137541884]
,CSI45[0.04925053533190577, 0.0, 0.0, 0.0, 0.0, 0.0, 0.0, 0.0, 0.0, 0.0]
[742.2366943359375, 960.4818115234375, 1124.111328125, 1285.7779541015625, 1408.882080078125, 1482.2083740234375, 1557.754150390625, 1628.550537109375, 1697.6739501953125, 1784.313720703125]
,lpips[40.90469479560852, 49.66308772563934, 54.65965270996094, 57.97232389450073, 59.51873064041138, 60.96261739730835, 61.174046993255615, 62.12128400802612, 62.704646587371826, 64.50430750846863]
,ssim[0.6770554516668289, 0.5887361693236255, 0.5340973237050367, 0.4974676574911893, 0.47103187136481944, 0.4562213607610103, 0.4425296608519895, 0.4420568810678428, 0.43615502945326295, 0.4190293239073695]
3
,psnr[22.765282730228105, 20.583284986412444, 19.088176995240193, 17.96897238830459, 17.337807629316007, 16.838111189875125, 16.390297584900786, 15.897004303255088, 15.649141005503385, 15.453664903218707]
,mse[87.16345977783203, 144.5256805419922, 204.16751098632812, 264.553466796875, 306.62115478515625, 343.82635498046875, 383.2216796875, 432.13177490234375, 459.8695068359375, 481.2364196777344]
,mae,HSS20[0.5931882118109196, 0.49166940267956566, 0.4353604605253677, 0.37656681737646813, 0.3229978711906518, 0.2934698389759371, 0.24984104643417093, 0.20019698108785478, 0.16037713986178995, 0.13175280115828739]
,HSS35[0.3505902240030323, 0.22653387705373754, 0.11989112014700544, 0.044144250053076976, 0.008885474976549275, 0.001548876585619372, -7.624593922018193e-05, 0.0, 0.0, -3.0509702827436622e-05]
HSS45[0.018025476297428938, 0.0, 0.0, 0.0, 0.0, 0.0, 0.0, 0.0, 0.0, 0.0]
,CSI20[0.5497590311817769, 0.463089931437024, 0.4195760476702159, 0.37793254440103435, 0.33953067592267777, 0.3153844727522204, 0.28352307211299727, 0.24513944445478056, 0.21089476301595192, 0.1840067439079378]
,CSI35[0.22611036339165544, 0.13793969849246232, 0.0704032809295967, 0.02611218568665377, 0.005547850208044382, 0.0009878633926051368, 0.0, 0.0, 0.0, 0.0]
,CSI45[0.0091324200913242, 0.0, 0.0, 0.0, 0.0, 0.0, 0.0, 0.0, 0.0, 0.0]
[813.5905151367188, 1090.621826171875, 1315.0799560546875, 1518.721435546875, 1666.965087890625, 1780.2315673828125, 1887.435791015625, 2012.7274169921875, 2087.927001953125, 2158.40576171875]
,lpips[43.73207092285156, 53.69385480880737, 57.97222852706909, 60.62517762184143, 61.95226311683655, 63.61805200576782, 64.50974345207214, 65.57070016860962, 66.0760223865509, 65.47198295593262]
,ssim[0.6631986699167168, 0.5577680981168522, 0.48615025719889915, 0.4365944299030336, 0.4082955130741672, 0.38369152524176053, 0.3688932456009548, 0.35299385905143854, 0.34877406523889176, 0.34024529392733954]
4
,psnr[23.863363619865275, 21.55058840132959, 20.079751182262115, 19.019538995021882, 18.14885774151513, 17.698071461093605, 17.058024211959594, 16.645757603065558, 16.081154747097376, 15.664666340537917]
,mse[68.34683227539062, 117.08126068115234, 166.03001403808594, 212.1678466796875, 260.13092041015625, 286.2272644042969, 330.9876708984375, 362.3396911621094, 411.96435546875, 451.6778869628906]
,mae,HSS20[0.519170243545812, 0.38376467383061785, 0.3178029144975554, 0.2563734424895912, 0.22053954511729268, 0.16700896251112118, 0.13748912989556264, 0.11529466093112985, 0.0942567500380642, 0.09021809608697882]
,HSS35[0.4007243310634072, 0.2501015853553064, 0.16041904867824117, 0.10751324320166047, 0.08426228819005258, 0.05973024422954526, 0.05416573900376837, 0.04871068135077131, 0.03974900031741788, 0.03075151161805103]
HSS45[0.01511809872934015, 0.0, 0.0, 0.0, 0.0, 0.0, 0.0, 0.0, 0.0, 0.0]
,CSI20[0.6206793409985522, 0.5514034140374465, 0.5259774420268507, 0.5004586781913809, 0.48889800985063875, 0.457744039430319, 0.43919775085135015, 0.42112868346836485, 0.3996362166531932, 0.389293256514875]
,CSI35[0.3065467925576229, 0.18558601618244513, 0.11803140478448729, 0.07958840823183537, 0.0619139038617736, 0.046049083063646176, 0.041257237386269636, 0.03671067281692381, 0.030820853787360963, 0.023767199947330307]
,CSI45[0.007707129094412331, 0.0, 0.0, 0.0, 0.0, 0.0, 0.0, 0.0, 0.0, 0.0]
[754.6557006835938, 1006.0996704101562, 1204.143310546875, 1388.4637451171875, 1551.8514404296875, 1647.33251953125, 1796.59912109375, 1898.002685546875, 2044.5318603515625, 2164.386962890625]
,lpips[49.40923452377319, 56.41456842422485, 58.91214609146118, 60.519224405288696, 62.79919147491455, 64.25710320472717, 65.87438583374023, 64.76994752883911, 66.77270531654358, 65.8589243888855]
,ssim[0.7068881867428287, 0.6282314617293067, 0.5863314797618431, 0.5548465169147846, 0.5316837183588353, 0.5285045315781969, 0.5095949709807277, 0.502512135997419, 0.49418969810113356, 0.4880829864531545]
5
,psnr[24.08791891531367, 21.934305393172803, 20.33438717896357, 19.286050645703792, 18.30273889141148, 17.536019520035282, 16.95056562479859, 16.352872173218774, 15.884233301447242, 15.422188684476254]
,mse[64.17166137695312, 105.98838806152344, 153.72732543945312, 196.368896484375, 247.55796813964844, 296.4607238769531, 336.39056396484375, 385.669677734375, 429.4826354980469, 476.52398681640625]
,mae,HSS20[0.5162393778980339, 0.3962796646659244, 0.3102707440377877, 0.2316412560146776, 0.1284441032788588, 0.06392659879380734, 0.062066444979945005, 0.045568032745144524, 0.03548679155244005, 0.028711970741985032]
,HSS35[0.443415627102424, 0.2757348076087131, 0.19617750107414292, 0.10026258393525232, 0.046695180473058054, 0.023126031985997334, 0.013408582365485592, 0.005905839109553012, 0.0008804753600492218, 0.0]
HSS45[0.190621175893387, 0.033733253927412964, 0.004713519533427305, -0.00013669279616347914, 0.0036346048607916797, 0.006565597079761038, -3.0489318237389314e-05, 0.0, 0.0, 0.0]
,CSI20[0.6310515386948508, 0.5638139380897202, 0.5275154090497928, 0.47398566525127533, 0.40651452282157674, 0.35790476389862974, 0.33562066390310946, 0.3061235848741553, 0.27778995075709517, 0.25420024102648936]
,CSI35[0.344811320754717, 0.20803485710065722, 0.14326170248209227, 0.07265774378585087, 0.03329687158171079, 0.0163112235676848, 0.00921225794322241, 0.0037063778580024064, 0.0005547990114490342, 0.0]
,CSI45[0.10715835140997831, 0.0175513698630137, 0.002400384061449832, 0.0, 0.0019342359767891683, 0.0033997085964060226, 0.0, 0.0, 0.0, 0.0]
[751.500732421875, 990.9080810546875, 1204.9949951171875, 1379.1983642578125, 1574.239990234375, 1752.2742919921875, 1885.880615234375, 2041.2127685546875, 2161.15380859375, 2287.68896484375]
,lpips[49.10041689872742, 56.37706518173218, 59.29512977600098, 62.09883093833923, 63.86639475822449, 64.62851166725159, 63.90583515167236, 63.475871086120605, 64.53169584274292, 65.46063423156738]
,ssim[0.7085081828582362, 0.6328584790075324, 0.5795725552326119, 0.5462487651729263, 0.5193999829242694, 0.502950467260457, 0.493083876840598, 0.4735471901056152, 0.4596372646828748, 0.4423098257619976]
