997.0327270507812
[1008.6172231038412, 1010.8636601765951, 984.4914321899414, 982.1661122639974, 983.4608256022135, 989.5973180135092, 997.9340260823568, 1008.9873326619467, 1010.2759628295898, 993.9333775838217]
3046.05986328125
[3053.079060872396, 3048.137491861979, 3016.4840698242188, 3014.8300577799478, 3021.041544596354, 3040.5605672200522, 3060.512736002604, 3080.8751220703125, 3075.3855794270835, 3049.6924031575522]
13.552669171111129
[13.606481185065496, 13.594273289447658, 13.62099452750464, 13.636209887321392, 13.587655033938551, 13.569899711378937, 13.526961513181265, 13.453341606961216, 13.466464440334084, 13.464410515978068]
0.20254987385124665
[0.20074752674896423, 0.20258372378720083, 0.20238047378159263, 0.20618448517547058, 0.20463687570594877, 0.20441972913464582, 0.2007922149490604, 0.19990603351170622, 0.20095328470906568, 0.20289439100881104]
88.47407052914302
[90.18078148365021, 90.37261307239532, 87.74314224720001, 89.85226253668468, 88.8920287291209, 88.28124801317851, 87.07961440086365, 87.3546560605367, 87.629829843839, 87.35452890396118]
