mse per frame: 147.6928134183186
[41.85228841828137, 67.9078092156387, 94.17177387330591, 119.82608854712511, 143.50380423941263, 165.39949977223466, 184.49789549664754, 202.3422411104528, 220.38100744107876, 237.04572606900845]
hss20 per frame: 0.41126708954545343
[0.6511458649705494, 0.5784413258142368, 0.5022061089429071, 0.45135711917293003, 0.406772410376607, 0.36796273126828477, 0.330104290271137, 0.30339796931734014, 0.27352300444705085, 0.24776007087348773]
hss35 per frame: 0.23016202665479749
[0.5081622447186059, 0.42059368285981846, 0.32463216872930534, 0.2684466883043922, 0.21777593445064308, 0.17758241641808806, 0.13565161746478843, 0.10880443112931243, 0.0807490155282296, 0.05922206694479071]
hss45 per frame: 0.10568277199996547
[0.37253935228639334, 0.2638414897162104, 0.16712954078993095, 0.10795461466634983, 0.06024700316598488, 0.035481989102338865, 0.020992953538040912, 0.014087313213911549, 0.009299299454216694, 0.0052541640662765775]
csi20 per frame: 0.4225353880375025
[0.6081516814681349, 0.5468732570411708, 0.4884670200046108, 0.45028804336952055, 0.41895788792998556, 0.39131540497887257, 0.3639987001939678, 0.34351417769460707, 0.31844952209940963, 0.2953381855947509]
csi35 per frame: 0.1567087399308644
[0.3700304796124731, 0.2951003952209908, 0.21934407135487508, 0.17809487716543565, 0.14210297903729105, 0.11496492164436513, 0.08740534801515366, 0.07006307189340745, 0.05176498730278055, 0.03821626806187116]
csi45 per frame: 0.06693265548099726
[0.25562775427990453, 0.16861579770221896, 0.10042055693320946, 0.06254395904439214, 0.033987222141406086, 0.019925418727124115, 0.01190459294649679, 0.008060407023089662, 0.005286636825439696, 0.002954209186691588]
mae per frame: 1030.5130862798921
[527.0189152415205, 690.7148164330459, 821.1979774289015, 937.1571900902725, 1036.6950749094892, 1124.7783151021818, 1195.1171194681306, 1260.3192734136815, 1326.8719565786967, 1385.260224133003]
psnr per frame: 21.344939300298872
[26.154845758552877, 24.104370780884622, 22.730150614799282, 21.715265625331153, 20.958744283708977, 20.356646116976837, 19.89846231735864, 19.515714478857042, 19.1556512277182, 18.859541798800944]
ssim per frame: 0.6122870065743498
[0.7861518947868819, 0.7177636934779593, 0.6663423584957378, 0.6267498841686072, 0.5966474107599782, 0.5717093407985581, 0.5576981123490311, 0.5449701762077239, 0.5326707657254065, 0.5221664289736174]
lpips per frame: 53.14844856901867
[37.37960265177052, 45.05470071623965, 49.55845526078852, 52.249173601953, 54.48322343390162, 56.06841550367634, 57.51972249368342, 58.651212911780284, 59.79171758744775, 60.72826152894555]
hss_csi_score per frame: 0.20645077934655287
