mse per frame: 173.14279011656598
[45.28581169407542, 74.96464868871178, 106.6995700650099, 138.23267399857684, 168.05856388371166, 194.7779034498261, 219.80305188807046, 241.90858999112757, 262.15258361072074, 279.54450389582934]
hss20 per frame: 0.3846713292678663
[0.6162669198708554, 0.5365295579849908, 0.46669892238189026, 0.41418244468494103, 0.3718545973416865, 0.3346423836042491, 0.3055907286016054, 0.28448505457374623, 0.26583418958696675, 0.2506284940477325]
hss35 per frame: 0.23138832362520872
[0.44138270219283615, 0.3739331268974847, 0.31353859475145374, 0.268637828466914, 0.22835678026683082, 0.18806911464376594, 0.15892832408167953, 0.13202952554593303, 0.11147067638940197, 0.0975365630157851]
hss45 per frame: 0.06905530400802286
[0.21516064580035615, 0.14571662267093718, 0.09669857121909217, 0.06594399316580841, 0.04844725897513232, 0.03595185115283043, 0.028536651885287045, 0.02315353868976042, 0.01747640120682553, 0.013467505314199027]
csi20 per frame: 0.39987309906737534
[0.5753273647222099, 0.5097366904158483, 0.45626647305815243, 0.41717235521085033, 0.38785594423445807, 0.36171498125606694, 0.34239513712795444, 0.3281879247977423, 0.31532710062072794, 0.3047470192297436]
csi35 per frame: 0.15598096476461204
[0.3105933500673978, 0.255635223209845, 0.2102787625624178, 0.17852240706564207, 0.15014442656669538, 0.12334774493797078, 0.10446349272656055, 0.08716645429376564, 0.07411647734517558, 0.06554130887064973]
csi45 per frame: 0.040571282315832916
[0.13292547938382915, 0.08613837870248722, 0.055572674805248364, 0.03733948123185419, 0.02714742404036877, 0.020136598435369777, 0.016017880722575345, 0.012910778313729637, 0.009788623026824468, 0.007735504496042171]
mae per frame: 1080.0111112789994
[544.3897824915445, 708.4558677859422, 851.1452287627429, 977.1338197289444, 1086.8355389850894, 1180.2427719488378, 1265.4789038681402, 1334.7769071253335, 1399.3617483743806, 1452.290543719036]
psnr per frame: 20.698655185249287
[25.824804232446468, 23.681847455521066, 22.18871085963427, 21.093230382652862, 20.262684859373337, 19.62900442856991, 19.11404968686465, 18.713016484280406, 18.369353116565467, 18.109850346584466]
ssim per frame: 0.5982779558097281
[0.7772798784000319, 0.7079897716503581, 0.6558075336279384, 0.6150186012242832, 0.5843533610582377, 0.5595344776011028, 0.5401511037402673, 0.5259352398089722, 0.513157222991388, 0.5035523679947043]
lpips per frame: 46.79446122450073
[35.29117701620591, 40.45775761691535, 43.678834670927465, 45.42480278305891, 47.09546300696164, 48.40188204515271, 50.03568239328338, 51.2498395835481, 52.587518750167476, 53.72165437878632]
hss_csi_score per frame: 0.18778299627489498
