mse per frame: 153.8988214581187
[44.51661693759081, 71.85659704440977, 99.76292372912896, 126.79851561755669, 151.47891480980851, 173.7390088151141, 193.51529567067217, 210.43300753337581, 226.21852820791847, 240.6688062156119]
hss20 per frame: 0.41196944083819825
[0.6557500169091229, 0.5553228198767031, 0.48361455859026614, 0.4342430534235738, 0.39590145480702155, 0.3641148982665533, 0.33678353217108065, 0.3167132555643063, 0.2968738382939528, 0.2803769804793956]
hss35 per frame: 0.22528177465936314
[0.5162247108014331, 0.3954068231682483, 0.3128057579870293, 0.2572722070261833, 0.2107778916290324, 0.17401029896235043, 0.14075909595950253, 0.10612534055822281, 0.07862741950222936, 0.06080820099940344]
hss45 per frame: 0.08073245473681633
[0.3209841310580942, 0.1889010352966608, 0.1091831852098237, 0.0669522995084877, 0.044114427762993944, 0.029308868237333707, 0.02113157771043554, 0.012643528769390764, 0.008138444364888158, 0.005967049450055185]
csi20 per frame: 0.42426954800402567
[0.6119795782363842, 0.5286695407351599, 0.4735063025006009, 0.4373115089454507, 0.4108444311999615, 0.3878237152101938, 0.36933662581164683, 0.35471344471014765, 0.340293319889301, 0.32821701280141025]
csi35 per frame: 0.1520760713383416
[0.3776322705424114, 0.2737878112533718, 0.2093711353111726, 0.16886449378243673, 0.13657547539712533, 0.11159731749833104, 0.08924861036252864, 0.06643938260861933, 0.049155798301163546, 0.03808841832625456]
csi45 per frame: 0.04980761806197975
[0.21293011538968018, 0.11485619169557548, 0.06338436437195744, 0.038194297044004205, 0.02495280086733644, 0.016609679359572017, 0.01189348761987561, 0.007156518712501727, 0.004654031982021102, 0.003444693577273335]
mae per frame: 1037.7305966186525
[544.3319696193788, 702.6630566852849, 833.5053259872809, 948.5114293540397, 1044.808785936309, 1128.5693474002, 1203.275933391292, 1266.6567619509813, 1326.3010258372237, 1378.6823300245333]
psnr per frame: 21.135044327766728
[25.884906854154856, 23.857512224849646, 22.47651598692925, 21.470305094464223, 20.721988669025002, 20.13629863290102, 19.67961455941948, 19.331665748072847, 19.02255447284209, 18.76908103500908]
ssim per frame: 0.6057612689592243
[0.7795520240553024, 0.7103635230941356, 0.6599299559116516, 0.621646391889621, 0.5938177092704794, 0.5706358346019084, 0.5523411769213598, 0.5369064551891325, 0.5223353670668747, 0.5100842515917755]
lpips per frame: 49.14940079174391
[36.06055738722406, 42.1185644298065, 45.65962520314426, 47.961764219330576, 49.98156729994751, 51.31743299524958, 52.96594253400477, 54.171152013104134, 55.227914452552795, 56.02948738307488]
hss_csi_score per frame: 0.19667551121463553
