mse per frame: 158.88427739771402
[41.33917323787038, 66.32118822423423, 93.64498678067835, 121.50349763079387, 148.8785202026367, 175.12352062318382, 200.3431082934868, 224.32565912386266, 247.64696525015484, 269.71615461023845]
hss20 per frame: 0.3116973606050102
[0.6188442135370674, 0.5164809918979405, 0.431819641595788, 0.36368439360241794, 0.3041109484228357, 0.2542902677392804, 0.20641755079420915, 0.1698401300804003, 0.1385084073893514, 0.112977060990811]
hss35 per frame: 0.10108299661143977
[0.41572264987413454, 0.2576811756683803, 0.15670278762416215, 0.08998208960643198, 0.046933516417101355, 0.023222224795566293, 0.011044497621190925, 0.005343167747690232, 0.002698048031822098, 0.001499808727919021]
hss45 per frame: 0.04038596233310247
[0.23289150380946436, 0.09553261459149102, 0.03668034407984212, 0.016201161728664103, 0.008111223127284893, 0.00613586009822419, 0.0037383038925453247, 0.0021793937195860183, 0.001496268079985876, 0.0008929502039368024]
csi20 per frame: 0.34124905467950356
[0.5791882945865207, 0.4955026369250016, 0.43089826195839176, 0.3795956971702576, 0.3362391414189161, 0.2989969153806856, 0.2625978812542071, 0.23345316791674772, 0.20839381772191262, 0.18762473246239608]
csi35 per frame: 0.06678058828302605
[0.2884949882636658, 0.1672328510916999, 0.09784962646650797, 0.05512864369234646, 0.028643185055088023, 0.014529878809554066, 0.00732684455081165, 0.0039812952595373215, 0.0025406850623370487, 0.0020778845787126385]
csi45 per frame: 0.02444912741270068
[0.1461301082331068, 0.05507157613771349, 0.02096678548427884, 0.009515350134431687, 0.004712620594996803, 0.0035380937655148286, 0.002076780572833512, 0.0011864839914616835, 0.0008110936682365253, 0.0004823815444325976]
mae per frame: 1054.1722554425496
[522.8347083859328, 681.5329125381098, 819.2502601437452, 942.6538592082699, 1051.1329829518388, 1147.7360286061355, 1233.637973096894, 1309.511423845989, 1382.6447910215797, 1450.7876146270007]
psnr per frame: 21.12609048150964
[26.210731608525652, 24.194347120100655, 22.723003818354773, 21.62195819703921, 20.76854371827084, 20.0842773561323, 19.529651099495588, 19.083019089686275, 18.687329044727214, 18.35804376276425]
ssim per frame: 0.607977020824561
[0.7849839215702017, 0.7180801192893113, 0.6661697450512998, 0.6261881877474361, 0.5960171855262654, 0.5708770107957681, 0.5517143371998822, 0.5363893789925538, 0.521668650054971, 0.5076816720179148]
lpips per frame: 50.5046014814842
[38.504407464004146, 45.06004260080616, 48.378165575062354, 50.39632385823785, 51.972738235462, 52.96671586792643, 53.644286822981954, 54.120245830314914, 54.77501859025257, 55.228069969793644]
hss_csi_score per frame: 0.12396144721625636
