0
,psnr[26.245506462194164, 24.32529423694619, 22.75179274512098, 21.991015629239627, 21.35286759210568, 20.87447388023232, 20.550899432902252, 20.385037594998508, 20.302309255211867, 19.934188258016185]
,mse[40.650306701660156, 62.96889877319336, 90.00029754638672, 107.3885498046875, 126.3861083984375, 142.69566345214844, 155.79623413085938, 164.3855743408203, 171.4698944091797, 186.55503845214844]
,mae,HSS20[0.4457788550398679, 0.2560573359987978, 0.09664870129933281, 0.03769054171095577, 0.007768480745943557, 0.0, 0.0, 0.0, 0.0, 0.0]
,HSS35[0.0, 0.0, 0.0, 0.0, 0.0, 0.0, 0.0, 0.0, 0.0, 0.0]
HSS45[0.0, 0.0, 0.0, 0.0, 0.0, 0.0, 0.0, 0.0, 0.0, 0.0]
,CSI20[0.3010862619808306, 0.15701292484442317, 0.05603129294851465, 0.021285519555415747, 0.004467754467754468, 0.0, 0.0, 0.0, 0.0, 0.0]
,CSI35[0.0, 0.0, 0.0, 0.0, 0.0, 0.0, 0.0, 0.0, 0.0, 0.0]
,CSI45[0.0, 0.0, 0.0, 0.0, 0.0, 0.0, 0.0, 0.0, 0.0, 0.0]
[440.35833740234375, 595.8342895507812, 730.916015625, 811.8980712890625, 889.6141967773438, 953.4420166015625, 1005.5731811523438, 1047.103759765625, 1075.6280517578125, 1137.84130859375]
,lpips[34.2351496219635, 45.61492204666138, 49.363768100738525, 49.85966086387634, 50.56227445602417, 52.15747356414795, 53.636157512664795, 55.30317425727844, 56.20560646057129, 57.17340707778931]
,ssim[0.7543509585697235, 0.6531169444441015, 0.5873629123903079, 0.5470657590719639, 0.5135059154865496, 0.492495621891187, 0.4711669843566511, 0.45339972723361033, 0.4371166631253729, 0.41656994877090325]
1
,psnr[23.493103098966337, 21.97601065218809, 20.78918840472831, 19.850239502513777, 19.089256187148848, 18.502359724991237, 17.972356716662617, 17.4530796394494, 17.31445764686554, 17.138739477878307]
,mse[74.6294937133789, 105.3102035522461, 137.95689392089844, 172.9562530517578, 206.05181884765625, 237.42752075195312, 272.1471252441406, 307.0147399902344, 319.4602355957031, 333.32373046875]
,mae,HSS20[0.5382512496158535, 0.4368539659426033, 0.320281680620706, 0.2294498778251968, 0.16758862622806153, 0.09615281245415341, 0.031262572149615926, 0.0044421189711098255, -1.5258281587424e-05, 0.0]
,HSS35[0.1850920606959439, 0.0, 0.0, 0.0, 0.0, 0.0, 0.0, 0.0, 0.0, 0.0]
HSS45[0.0, 0.0, 0.0, 0.0, 0.0, 0.0, 0.0, 0.0, 0.0, 0.0]
,CSI20[0.41830299235138885, 0.32558458792843087, 0.2298237476808906, 0.1599866875861741, 0.1131605423274086, 0.06396513724704468, 0.022787466893208735, 0.003889555822328931, 0.0, 0.0]
,CSI35[0.10311418685121108, 0.0, 0.0, 0.0, 0.0, 0.0, 0.0, 0.0, 0.0, 0.0]
,CSI45[0.0, 0.0, 0.0, 0.0, 0.0, 0.0, 0.0, 0.0, 0.0, 0.0]
[682.7098388671875, 857.4242553710938, 1019.0654296875, 1161.16015625, 1274.9285888671875, 1363.9122314453125, 1450.614501953125, 1539.47119140625, 1576.268798828125, 1609.66552734375]
,lpips[39.101290702819824, 50.79527497291565, 54.514169692993164, 56.05146288871765, 56.33940100669861, 56.37897253036499, 57.8300416469574, 58.07567834854126, 59.05986428260803, 59.8937451839447]
,ssim[0.6662152004276144, 0.5680479290867945, 0.49975862151261485, 0.452771839947323, 0.41737679822990287, 0.4007542942803286, 0.3850902541315918, 0.36824972904327075, 0.35130848609120013, 0.3459229773570043]
2
,psnr[23.686315196840734, 21.59720685150647, 20.436670420018846, 19.382071924845814, 18.649491363801765, 18.253807679621964, 17.889185452642806, 17.61188397197493, 17.278164055952267, 17.031018753109297]
,mse[70.19987487792969, 113.59388732910156, 149.11920166015625, 190.53671264648438, 226.98583984375, 249.76449584960938, 271.6602478027344, 288.8443908691406, 311.05059814453125, 330.57073974609375]
,mae,HSS20[0.6690698986126131, 0.5663323959493997, 0.5292495494391055, 0.47909968331922187, 0.4395681220051465, 0.4040084328456918, 0.3694426905718793, 0.3598699201469672, 0.331635339617238, 0.3153747659629391]
,HSS35[0.5030507744947749, 0.33784928193948416, 0.24577389808688105, 0.17245889830747474, 0.06942688789624986, 0.015714328496093697, -0.0011208334062224334, 0.0, 0.00015238171867394703, 0.00041498507597029054]
HSS45[0.22777399700585743, 0.06486137325086404, 0.006370611850762937, -3.0415750426437034e-05, 0.0, 0.0, 0.0, 0.0, 0.0, 0.0]
,CSI20[0.6217948717948718, 0.5371311333959695, 0.5090233249697983, 0.4749827314429429, 0.44645607961921246, 0.4208469833469834, 0.3943424216072433, 0.3837939045109393, 0.3602941176470588, 0.3435219630848476]
,CSI35[0.357330224424366, 0.22336340091095824, 0.15742031409720283, 0.10733760642877643, 0.04285859716990736, 0.010780232682249972, 9.840582562487701e-05, 0.0, 9.90785693054592e-05, 0.0003142019271051529]
,CSI45[0.12896405919661733, 0.033707865168539325, 0.0032258064516129037, 0.0, 0.0, 0.0, 0.0, 0.0, 0.0, 0.0]
[710.6329956054688, 936.5172119140625, 1107.786376953125, 1275.5714111328125, 1409.743408203125, 1483.048583984375, 1553.7208251953125, 1605.9378662109375, 1678.5118408203125, 1734.2841796875]
,lpips[37.476685643196106, 46.73295617103577, 52.00684070587158, 55.08408546447754, 57.071709632873535, 58.32935571670532, 58.19152593612671, 59.074223041534424, 58.795034885406494, 60.288989543914795]
,ssim[0.6965002923912829, 0.5967704430223719, 0.534781089278493, 0.48889157211501355, 0.457007214262569, 0.4387527249573552, 0.4278051088139323, 0.4245429669226678, 0.41631007564443423, 0.40130782477729415]
3
,psnr[23.1020971867138, 20.96166516907407, 19.480852080452074, 18.422725666639728, 17.745804291442006, 17.168230366161765, 16.617351640862825, 16.088290070177518, 15.861726323487824, 15.749626984690805]
,mse[80.63273620605469, 132.86297607421875, 186.66629028320312, 238.1088104248047, 278.2814025878906, 316.9896545410156, 360.6059875488281, 408.26470947265625, 431.7622985839844, 446.07904052734375]
,mae,HSS20[0.6228097456639422, 0.5291261959603925, 0.4788668884786156, 0.4171358106505939, 0.3545519513172063, 0.30239781568687957, 0.24485325362846866, 0.18908680178371332, 0.14659422411120393, 0.10269086637817616]
,HSS35[0.4255388635891474, 0.23813502695619485, 0.14603830110919921, 0.09098205945549007, 0.05103202744878667, 0.017237688696352258, 0.005911546154868768, 0.0, 0.0, 0.0]
HSS45[0.1756550468078428, 0.07680707021427673, 0.025719813510368148, 0.0, 0.0, 0.0, 0.0, 0.0, 0.0, 0.0]
,CSI20[0.5769646120618043, 0.49802989802989817, 0.45853224840062623, 0.4152915495042179, 0.37202061412926785, 0.33140523987750936, 0.2806827765758498, 0.23141091267584274, 0.18880019110943008, 0.145063522378145]
,CSI35[0.28564488705367985, 0.14585939454590943, 0.08607733296898482, 0.052804827869976693, 0.029690889370932755, 0.010851648351648353, 0.0037693703755409744, 0.0, 0.0, 0.0]
,CSI45[0.09662921348314607, 0.04011461318051576, 0.013100436681222708, 0.0, 0.0, 0.0, 0.0, 0.0, 0.0, 0.0]
[774.6875, 1044.575439453125, 1270.105712890625, 1457.713134765625, 1607.528076171875, 1738.6842041015625, 1863.869873046875, 1983.1695556640625, 2055.038818359375, 2094.2041015625]
,lpips[37.64633536338806, 50.187838077545166, 54.81369495391846, 57.47705698013306, 59.89420413970947, 60.63985824584961, 61.80233955383301, 62.71862983703613, 63.47353458404541, 62.53930926322937]
,ssim[0.6888440662884272, 0.5785093592258086, 0.4999875563320002, 0.44881573795166996, 0.41623377106961, 0.3881311302017131, 0.370399205429358, 0.3510095693100478, 0.3429354880228016, 0.33742269792468993]
4
,psnr[24.289166199067857, 21.87735273678951, 20.30477500067825, 19.24318471015007, 18.472994045974918, 18.03206203247873, 17.38668890897345, 16.989739516741476, 16.502180631022824, 16.14135536462674]
,mse[61.94114685058594, 107.9986343383789, 156.4094696044922, 199.46401977539062, 237.904296875, 264.6433410644531, 309.5889587402344, 342.1936950683594, 384.21282958984375, 420.8082275390625]
,mae,HSS20[0.5548290166700252, 0.4188522090768862, 0.33609105853820576, 0.2699599728836482, 0.2254123788137317, 0.16612117299665718, 0.14826580716493973, 0.1177767915803175, 0.0939334161145131, 0.09809064527140554]
,HSS35[0.473390025168495, 0.318708290929113, 0.1963033020960501, 0.13973542333827219, 0.10040545813550548, 0.05144678178685596, 0.02336674307856126, 0.010944798683158912, 0.007268416552780543, 0.00824237313922404]
HSS45[0.15080961595172948, 0.023045444048811956, 0.0034960177446971144, 0.0058348440831481226, 0.0019668698274726113, 0.0034057486998891784, 0.0, 0.0, 0.0, 0.0]
,CSI20[0.6386791987369252, 0.5651779230210603, 0.5311770875698354, 0.5097332151697582, 0.5006054162605947, 0.4710172153020626, 0.46382000957395875, 0.4455236365374504, 0.42854673274173105, 0.427061948452505]
,CSI35[0.3716713293959175, 0.24291742013261003, 0.14874785591766723, 0.10387403322581765, 0.07206840390879478, 0.038044033075849866, 0.018142332108252588, 0.009076913208031305, 0.006055281900040787, 0.006897009085483122]
,CSI45[0.08230842005676443, 0.011894647408666099, 0.0018416206261510132, 0.002994011976047904, 0.001044932079414838, 0.0017286084701815042, 0.0, 0.0, 0.0, 0.0]
[712.7301635742188, 959.4165649414062, 1160.4019775390625, 1345.5504150390625, 1480.8775634765625, 1579.61962890625, 1720.253173828125, 1817.581787109375, 1942.948974609375, 2041.4398193359375]
,lpips[43.5149610042572, 54.01078462600708, 58.15821290016174, 60.30145883560181, 63.74673247337341, 64.61793184280396, 66.24552011489868, 65.58085680007935, 66.92389249801636, 65.78245162963867]
,ssim[0.73188088935964, 0.6475949168624857, 0.5995027617613712, 0.5628691229758616, 0.5384600697994981, 0.5329966447857357, 0.5123278621708993, 0.5039281910147457, 0.4964918800405809, 0.494289625487065]
5
,psnr[24.31960130495419, 22.007247105752896, 20.17358309502752, 18.97103538857224, 18.0081488716163, 17.315931242762233, 16.85705099265299, 16.46490346104709, 16.185114341294454, 15.893070396900136]
,mse[60.9702262878418, 104.43778991699219, 158.79136657714844, 209.5435791015625, 261.4447021484375, 307.5052795410156, 341.0301818847656, 375.10546875, 401.92462158203125, 429.7267761230469]
,mae,HSS20[0.5313527901289071, 0.4033177852018234, 0.31132674916330066, 0.22111950537196395, 0.13325652660694476, 0.0732767598600849, 0.07963114311841411, 0.06882568555424216, 0.07233118045429161, 0.06329221919469606]
,HSS35[0.4726554608626755, 0.31159398863185744, 0.22282926589534152, 0.1504549691464028, 0.10453205300803023, 0.07409178452825592, 0.05088166576305541, 0.027345285123710258, 0.011652791946483389, 0.005612832835522142]
HSS45[0.2924497260204481, 0.11263886249656373, 0.07450422260824845, 0.05503144411310463, 0.02747685676082001, 0.010900133961518722, 0.001802133986824628, 0.0, 0.0, 0.0]
,CSI20[0.6378619785205402, 0.5629285754236815, 0.5207324099959453, 0.4662433155080214, 0.4202131449568926, 0.39048420883823953, 0.38679676315602446, 0.3674401740391588, 0.34451792777021334, 0.31955711344794974]
,CSI35[0.3704875122696041, 0.23662415713866908, 0.16489579076420105, 0.10945400467388997, 0.07513736848830771, 0.052054309849188456, 0.03451635351426583, 0.018053300219696245, 0.00806815334502631, 0.003414819231394656]
,CSI45[0.17404383326171036, 0.06096528365791703, 0.03944866920152091, 0.028886554621848744, 0.014374700527072352, 0.005772005772005772, 0.0009551098376313278, 0.0, 0.0, 0.0]
[727.0911865234375, 976.6536865234375, 1214.513916015625, 1421.94775390625, 1614.849609375, 1770.222412109375, 1869.7613525390625, 1971.9774169921875, 2052.49267578125, 2135.35107421875]
,lpips[43.781810998916626, 54.7218918800354, 59.024578332901, 61.97702884674072, 64.13862705230713, 66.40353202819824, 66.10008478164673, 66.00763201713562, 66.56479835510254, 66.8510377407074]
,ssim[0.7260920565060872, 0.6411362679805042, 0.5769445296544737, 0.5372189061220684, 0.5091354869711769, 0.4902542326667144, 0.48234010915956815, 0.4676391775644208, 0.45770408602709184, 0.448192647748524]
