mse per frame: 164.32324010337265
[45.06411195150236, 73.4564339149289, 103.3918266854635, 132.86583371046112, 160.44975256570956, 185.249228742646, 207.95957351312404, 227.74608245477444, 245.71592392339937, 261.33363357171777]
hss20 per frame: 0.39333926421929427
[0.6105925778981108, 0.5364350600704414, 0.4709316489881183, 0.42356735175864074, 0.3835374332022777, 0.3482333083312178, 0.3185283556776366, 0.29828106919983366, 0.27894956729929543, 0.2643362697673706]
hss35 per frame: 0.2048696701777738
[0.40046052360432605, 0.33835055857882945, 0.2809782817969581, 0.24418221767184742, 0.2052730879741924, 0.16967453430050194, 0.13486239895907554, 0.10984338526693713, 0.0891358214418802, 0.07593589218318855]
hss45 per frame: 0.04929004397239086
[0.1685784424904766, 0.10841558071231495, 0.06584892070752228, 0.045435291057521934, 0.0335940021483557, 0.026672208605619946, 0.018951328653482327, 0.011363721557158268, 0.0075154585533020865, 0.006525485238154445]
csi20 per frame: 0.4098244881574558
[0.5723465135222298, 0.5120845624063012, 0.46232608212017884, 0.42752208289570387, 0.4001689640673714, 0.37525419287886635, 0.35621528750964654, 0.3427690361835138, 0.3296769396291925, 0.31988122036155364]
csi35 per frame: 0.13585175077414208
[0.27623419142748884, 0.2279269564761333, 0.18541599946726986, 0.15986647010967195, 0.13327778132724416, 0.11010644232659564, 0.08741298683846918, 0.07116754037733404, 0.057720653357799134, 0.049388486033414426]
csi45 per frame: 0.028394713125707384
[0.10047985932858473, 0.06271703643630075, 0.03706522306047683, 0.025509398831830104, 0.018731684943015962, 0.014890896903422518, 0.010530282673618465, 0.006220160213723929, 0.0041262856081159096, 0.0036763032579847812]
mae per frame: 1065.5540276950744
[546.5208918873857, 707.8889349216367, 847.3777547696742, 969.0645157976849, 1073.9852202624809, 1163.629720399438, 1244.127508098323, 1310.278543462986, 1370.9003729099181, 1421.7668144412157]
psnr per frame: 20.890473546386623
[25.844317190551603, 23.765017749445082, 22.32296159904391, 21.264343049430792, 20.463544649671483, 19.84780046149503, 19.35706513050626, 18.978205191894574, 18.656139665474328, 18.405340776353057]
ssim per frame: 0.6002259767118955
[0.7766779951309903, 0.7074421865349492, 0.6551271591283352, 0.6155293702765586, 0.5861459445653785, 0.5623126620240754, 0.544008343893187, 0.5299652568522407, 0.5174786510843669, 0.5075721976288733]
lpips per frame: 47.156491786604974
[35.29540051410838, 40.63364772534952, 44.00334896110907, 45.79465643661778, 47.564679893051704, 48.802992265398906, 50.579302703462, 51.740953180848095, 53.10326029614704, 54.04667588995724]
hss_csi_score per frame: 0.17555866913329868
